Time Setpoint Input Output
1 150.00 30.75 2000.00
2 150.00 31.00 2000.00
3 150.00 31.00 2000.00
4 150.00 31.00 2000.00
5 150.00 31.00 2000.00
6 150.00 31.25 2000.00
7 150.00 31.25 2000.00
8 150.00 31.50 2000.00
9 150.00 31.50 2000.00
10 150.00 31.75 2000.00
11 150.00 31.75 2000.00
12 150.00 32.00 2000.00
13 150.00 32.25 2000.00
14 150.00 32.50 2000.00
15 150.00 32.75 2000.00
16 150.00 33.00 2000.00
17 150.00 33.25 2000.00
18 150.00 33.50 2000.00
19 150.00 33.75 2000.00
20 150.00 34.00 2000.00
21 150.00 34.50 2000.00
22 150.00 34.75 2000.00
23 150.00 35.25 2000.00
24 150.00 35.50 2000.00
25 150.00 35.75 2000.00
26 150.00 36.50 2000.00
27 150.00 36.75 2000.00
28 150.00 37.25 2000.00
29 150.00 37.50 2000.00
30 150.00 38.00 2000.00
31 150.00 38.50 2000.00
32 150.00 39.00 2000.00
33 150.00 39.50 2000.00
34 150.00 40.00 2000.00
35 150.00 40.50 2000.00
36 150.00 41.25 2000.00
37 150.00 41.50 2000.00
38 150.00 42.25 2000.00
39 150.00 42.75 2000.00
40 150.00 43.50 2000.00
41 150.00 44.25 2000.00
42 150.00 44.75 2000.00
43 150.00 45.50 2000.00
44 150.00 46.00 2000.00
45 150.00 46.75 2000.00
46 150.00 47.25 2000.00
47 150.00 48.25 2000.00
48 150.00 48.75 2000.00
49 150.00 49.75 2000.00
50 150.00 50.25 2000.00
51 150.00 51.25 2000.00
52 150.00 52.00 2000.00
53 150.00 52.75 2000.00
54 150.00 53.50 2000.00
55 150.00 54.25 2000.00
56 150.00 55.25 2000.00
57 150.00 56.00 2000.00
58 150.00 56.75 2000.00
59 150.00 57.50 2000.00
60 150.00 58.50 2000.00
61 150.00 59.50 2000.00
62 150.00 60.25 2000.00
63 150.00 61.25 2000.00
64 150.00 62.00 2000.00
65 150.00 63.00 2000.00
66 150.00 64.00 2000.00
67 150.00 65.00 2000.00
68 150.00 66.00 2000.00
69 150.00 67.00 2000.00
70 150.00 68.00 2000.00
71 150.00 68.75 2000.00
72 150.00 69.75 2000.00
73 150.00 70.75 2000.00
74 150.00 71.75 2000.00
75 150.00 72.75 2000.00
76 150.00 74.00 2000.00
77 150.00 75.00 2000.00
78 150.00 76.00 2000.00
79 150.00 77.00 2000.00
80 150.00 78.00 2000.00
81 150.00 79.25 2000.00
82 150.00 80.25 2000.00
83 150.00 81.25 2000.00
84 150.00 82.50 2000.00
85 150.00 83.50 2000.00
86 150.00 84.50 2000.00
87 150.00 85.75 2000.00
88 150.00 86.75 2000.00
89 150.00 87.75 2000.00
90 150.00 89.00 2000.00
91 150.00 90.00 2000.00
92 150.00 91.25 2000.00
93 150.00 92.25 2000.00
94 150.00 93.50 2000.00
95 150.00 94.50 2000.00
96 150.00 95.75 2000.00
97 150.00 96.75 2000.00
98 150.00 98.00 2000.00
99 150.00 99.25 2000.00
100 150.00 100.25 2000.00
101 150.00 101.50 2000.00
102 150.00 102.50 2000.00
103 150.00 103.75 2000.00
104 150.00 104.75 2000.00
105 150.00 106.00 2000.00
106 150.00 107.00 2000.00
107 150.00 108.25 2000.00
108 150.00 109.50 2000.00
109 150.00 110.50 2000.00
110 150.00 111.75 2000.00
111 150.00 112.75 2000.00
112 150.00 114.00 2000.00
113 150.00 115.25 2000.00
114 150.00 116.25 2000.00
115 150.00 117.50 2000.00
116 150.00 118.50 2000.00
117 150.00 119.75 2000.00
118 150.00 121.00 2000.00
119 150.00 122.25 2000.00
120 150.00 123.25 2000.00
121 150.00 124.25 2000.00
122 150.00 125.50 2000.00
123 150.00 126.75 2000.00
124 150.00 127.75 2000.00
125 150.00 129.00 2000.00
126 150.00 130.00 2000.00
127 150.00 131.25 2000.00
128 150.00 132.25 2000.00
129 150.00 133.50 2000.00
130 150.00 134.50 1886.76
131 150.00 135.75 1792.15
132 150.00 136.75 1662.51
133 150.00 138.00 1567.84
134 150.00 139.00 1438.14
135 150.00 140.25 1343.41
136 150.00 141.25 1213.66
137 150.00 142.25 1118.88
138 150.00 143.25 1019.07
139 150.00 144.00 919.24
140 150.00 144.75 849.39
141 150.00 145.75 774.52
142 150.00 146.50 669.63
143 150.00 147.25 599.71
144 150.00 148.00 524.78
145 150.00 148.50 449.83
146 150.00 149.25 404.87
147 150.00 149.75 324.89
148 150.00 150.25 279.89
149 155.00 150.75 1565.13
150 155.00 151.25 1415.34
151 155.00 151.75 1265.53
152 155.00 152.25 1115.69
153 155.00 152.75 965.83
154 155.00 153.25 815.94
155 155.00 153.75 666.03
156 155.00 154.50 516.09
157 155.00 155.00 228.62
158 160.00 155.50 1641.37
159 160.00 156.00 1491.59
160 160.00 156.50 1341.79
161 160.00 157.00 1191.97
162 160.00 157.75 1042.12
163 160.00 158.25 754.73
164 160.00 158.75 667.32
165 160.00 159.25 517.38
166 160.00 159.75 367.42
167 165.00 160.50 1717.68
168 165.00 161.00 1430.41
169 165.00 161.50 1343.11
170 165.00 162.00 1193.28
171 165.00 162.50 1043.43
172 165.00 163.00 893.56
173 165.00 163.50 743.66
174 165.00 164.25 593.73
175 165.00 164.50 306.27
176 170.00 165.00 1856.54
177 170.00 165.50 1644.29
178 170.00 166.00 1494.52
179 170.00 166.50 1344.72
180 170.00 167.25 1194.89
181 170.00 167.75 907.53
182 170.00 168.25 820.14
183 170.00 169.00 670.23
184 170.00 169.50 382.78
185 175.00 170.00 1795.56
186 175.00 170.50 1645.81
187 175.00 171.00 1496.03
188 175.00 171.75 1346.23
189 175.00 172.25 1058.89
190 175.00 172.75 971.53
191 175.00 173.25 821.64
192 175.00 174.00 671.73
193 175.00 174.50 384.28
194 180.00 175.00 1797.06
195 180.00 175.50 1647.31
196 180.00 176.00 1497.53
197 180.00 176.50 1347.73
198 180.00 177.00 1197.91
199 180.00 177.75 1048.06
200 180.00 178.25 760.67
201 180.00 178.75 673.26
202 180.00 179.50 523.32
203 185.00 180.00 1736.09
204 185.00 180.50 1648.84
205 185.00 181.25 1499.07
206 185.00 181.75 1211.76
207 185.00 182.25 1124.42
208 185.00 182.50 974.56
209 185.00 183.00 962.18
210 185.00 183.75 749.78
211 185.00 184.25 462.34
212 190.00 184.75 1875.13
213 190.00 185.00 1725.39
214 190.00 185.50 1713.14
215 190.00 186.25 1500.87
216 190.00 186.75 1213.56
217 190.00 187.50 1126.22
218 190.00 188.00 838.84
219 190.00 188.50 751.44
220 190.00 188.75 601.52
221 195.00 189.25 2000.00
222 195.00 189.75 1877.12
223 195.00 190.25 1727.38
224 195.00 191.00 1577.62
225 195.00 191.50 1290.32
226 195.00 192.00 1202.99
227 195.00 192.50 1053.14
228 195.00 193.00 903.27
229 195.00 193.25 753.37
230 200.00 194.00 2000.00
231 200.00 194.50 1891.51
232 200.00 195.00 1804.28
233 200.00 195.50 1654.53
234 200.00 196.00 1504.76
235 200.00 196.75 1354.96
236 200.00 197.50 1067.62
237 200.00 198.00 842.74
238 200.00 198.75 755.34
239 205.00 199.25 1968.16
240 205.00 199.75 1880.94
241 205.00 200.25 1731.21
242 205.00 201.00 1581.44
243 205.00 201.50 1294.14
244 205.00 202.00 1206.82
245 205.00 202.75 1056.97
246 205.00 203.25 769.58
247 205.00 204.00 682.17
248 210.00 204.75 1894.97
249 210.00 204.75 1670.23
250 210.00 205.25 1857.99
251 210.00 205.75 1583.23
252 210.00 206.50 1433.44
253 210.00 206.75 1146.12
254 210.00 207.50 1196.28
255 210.00 208.25 846.41
256 210.00 208.75 621.49
257 215.00 209.00 2000.00
258 215.00 209.25 2000.00
259 215.00 210.00 1947.39
260 215.00 210.75 1597.64
261 215.00 211.50 1372.86
262 215.00 211.75 1148.03
263 215.00 212.25 1198.19
264 215.00 212.75 985.83
265 215.00 213.75 835.94
266 220.00 214.00 1911.26
267 220.00 214.25 2000.00
268 220.00 214.75 1949.34
269 220.00 215.50 1737.11
270 220.00 216.00 1449.83
271 220.00 216.75 1362.53
272 220.00 217.50 1075.19
273 220.00 218.25 850.32
274 220.00 218.75 625.41
275 245.00 219.00 2000.00
276 245.00 219.50 2000.00
277 245.00 220.00 2000.00
278 245.00 220.75 2000.00
279 245.00 221.25 2000.00
280 245.00 222.00 2000.00
281 245.00 222.75 2000.00
282 245.00 223.25 2000.00
283 245.00 223.75 2000.00
284 245.00 224.25 2000.00
285 245.00 224.50 2000.00
286 245.00 225.00 2000.00
287 245.00 225.75 2000.00
288 245.00 226.25 2000.00
289 245.00 227.25 2000.00
290 245.00 228.25 2000.00
291 245.00 228.50 2000.00
292 245.00 229.25 2000.00
293 245.00 229.75 2000.00
294 245.00 230.50 2000.00
295 245.00 231.25 2000.00
296 245.00 232.00 2000.00
297 245.00 232.75 2000.00
298 245.00 233.50 2000.00
299 245.00 234.00 2000.00
300 245.00 234.50 2000.00
301 245.00 235.25 2000.00
302 245.00 236.25 2000.00
303 245.00 237.50 2000.00
304 245.00 238.00 2000.00
305 245.00 238.50 2000.00
306 245.00 239.75 2000.00
307 245.00 240.25 1452.98
308 100.00 240.75 0.00
309 100.00 241.50 0.00
310 100.00 242.25 0.00
311 100.00 242.75 0.00
312 100.00 243.50 0.00
313 100.00 244.00 0.00
314 100.00 244.00 0.00
315 100.00 244.25 0.00
316 100.00 244.25 0.00
317 100.00 244.25 0.00
318 100.00 244.75 0.00
319 100.00 244.75 0.00
320 100.00 245.00 0.00
321 100.00 245.25 0.00
322 100.00 245.75 0.00
323 100.00 245.75 0.00
324 100.00 246.00 0.00
325 100.00 246.25 0.00
326 100.00 246.50 0.00
327 100.00 246.50 0.00
328 100.00 246.50 0.00
329 100.00 246.50 0.00
330 100.00 246.75 0.00
331 100.00 246.75 0.00
332 100.00 246.75 0.00
333 100.00 246.75 0.00
334 100.00 247.00 0.00
335 100.00 247.00 0.00
336 100.00 246.75 0.00
337 100.00 246.75 0.00
338 100.00 246.50 0.00
339 100.00 246.50 0.00
340 100.00 246.75 0.00
341 100.00 246.50 0.00
342 100.00 246.25 0.00
343 100.00 245.75 0.00
344 100.00 245.75 0.00
345 100.00 245.75 0.00
346 100.00 245.50 0.00
347 100.00 245.75 0.00
348 100.00 245.50 0.00
349 100.00 245.50 0.00
350 100.00 245.00 0.00
351 100.00 244.75 0.00
352 100.00 244.75 0.00
353 100.00 244.75 0.00
354 100.00 244.50 0.00
355 100.00 244.25 0.00
356 100.00 244.25 0.00
357 100.00 244.25 0.00
358 100.00 244.25 0.00
359 100.00 244.50 0.00
360 100.00 244.50 0.00
361 100.00 244.50 0.00
362 100.00 244.00 0.00
363 100.00 244.00 0.00
364 100.00 243.75 0.00
365 100.00 243.75 0.00
366 100.00 243.75 0.00
367 100.00 243.50 0.00
368 100.00 243.25 0.00
369 100.00 243.25 0.00
370 100.00 243.00 0.00
371 100.00 242.75 0.00
372 100.00 242.75 0.00
373 100.00 242.50 0.00
374 100.00 242.25 0.00
375 100.00 242.25 0.00
376 100.00 242.25 0.00
377 100.00 242.00 0.00
378 100.00 241.75 0.00
379 100.00 241.75 0.00
380 100.00 241.50 0.00
381 100.00 241.25 0.00
382 100.00 241.25 0.00
383 100.00 241.00 0.00
384 100.00 240.75 0.00
385 100.00 240.25 0.00
386 100.00 240.25 0.00
387 100.00 240.00 0.00
388 100.00 240.00 0.00
389 100.00 239.75 0.00
390 100.00 239.75 0.00
391 100.00 239.50 0.00
392 100.00 239.50 0.00
393 100.00 239.25 0.00
394 100.00 239.00 0.00
395 100.00 238.75 0.00
396 100.00 238.75 0.00
397 100.00 238.50 0.00
398 100.00 238.00 0.00
399 100.00 238.00 0.00
400 100.00 237.75 0.00
401 100.00 237.50 0.00
402 100.00 237.50 0.00
403 100.00 237.00 0.00
404 100.00 237.00 0.00
405 100.00 236.50 0.00
406 100.00 236.50 0.00
407 100.00 236.25 0.00
408 100.00 236.00 0.00
409 100.00 235.25 0.00
410 100.00 235.25 0.00
411 100.00 235.00 0.00
412 100.00 235.00 0.00
413 100.00 234.50 0.00
414 100.00 234.50 0.00
415 100.00 234.25 0.00
416 100.00 234.00 0.00
417 100.00 233.75 0.00
418 100.00 233.75 0.00
419 100.00 233.50 0.00
420 100.00 233.00 0.00
421 100.00 232.75 0.00
422 100.00 232.75 0.00
423 100.00 232.25 0.00
424 100.00 231.75 0.00
425 100.00 231.50 0.00
426 100.00 231.25 0.00
427 100.00 231.25 0.00
428 100.00 231.00 0.00
429 100.00 231.00 0.00
430 100.00 230.50 0.00
431 100.00 230.25 0.00
432 100.00 229.75 0.00
433 100.00 229.50 0.00
434 100.00 229.75 0.00
435 100.00 229.25 0.00
436 100.00 228.75 0.00
437 100.00 228.25 0.00
438 100.00 228.00 0.00
439 100.00 227.75 0.00
440 100.00 227.75 0.00
441 100.00 227.50 0.00
442 100.00 227.00 0.00
443 100.00 227.00 0.00
444 100.00 227.00 0.00
445 100.00 226.50 0.00
446 100.00 226.25 0.00
447 100.00 225.75 0.00
448 100.00 225.75 0.00
449 100.00 225.50 0.00
450 100.00 225.00 0.00
451 100.00 225.00 0.00
452 100.00 225.00 0.00
453 100.00 224.75 0.00
454 100.00 224.25 0.00
455 100.00 224.00 0.00
456 100.00 223.75 0.00
457 100.00 223.50 0.00
458 100.00 223.25 0.00
459 100.00 223.00 0.00
460 100.00 222.75 0.00
461 100.00 222.50 0.00
462 100.00 222.50 0.00
463 100.00 221.75 0.00
464 100.00 221.50 0.00
465 100.00 221.25 0.00
466 100.00 220.50 0.00
467 100.00 220.25 0.00
468 100.00 220.25 0.00
469 100.00 220.25 0.00
470 100.00 219.50 0.00
471 100.00 219.25 0.00
472 100.00 219.25 0.00
473 100.00 219.25 0.00
474 100.00 218.50 0.00
475 100.00 218.50 0.00
476 100.00 218.00 0.00
477 100.00 217.75 0.00
478 100.00 217.25 0.00
479 100.00 216.75 0.00
480 100.00 216.75 0.00
481 100.00 216.75 0.00
482 100.00 216.00 0.00
483 100.00 215.75 0.00
484 100.00 215.75 0.00
485 100.00 215.75 0.00
486 100.00 215.00 0.00
487 100.00 214.75 0.00
488 100.00 214.75 0.00
489 100.00 214.50 0.00
490 100.00 214.00 0.00
491 100.00 213.50 0.00
492 100.00 213.50 0.00
493 100.00 213.00 0.00
494 100.00 212.50 0.00
495 100.00 212.25 0.00
496 100.00 212.00 0.00
497 100.00 212.00 0.00
498 100.00 212.00 0.00
499 100.00 212.00 0.00
500 100.00 211.50 0.00
501 100.00 211.00 0.00
502 100.00 210.25 0.00
503 100.00 210.00 0.00
504 100.00 209.75 0.00
505 100.00 209.75 0.00
506 100.00 209.75 0.00
507 100.00 209.75 0.00
508 100.00 209.50 0.00
509 100.00 209.00 0.00
510 100.00 208.50 0.00
511 100.00 208.00 0.00
512 100.00 207.50 0.00
513 100.00 207.50 0.00
514 100.00 207.75 0.00
515 100.00 207.75 0.00
516 100.00 207.50 0.00
517 100.00 207.00 0.00
518 100.00 206.25 0.00
519 100.00 206.00 0.00
520 100.00 206.00 0.00
521 100.00 206.00 0.00
522 100.00 205.25 0.00
523 100.00 205.00 0.00
524 100.00 205.00 0.00
525 100.00 205.00 0.00
526 100.00 204.75 0.00
527 100.00 204.75 0.00
528 100.00 204.00 0.00
529 100.00 203.50 0.00
530 100.00 203.25 0.00
531 100.00 203.00 0.00
532 100.00 203.00 0.00
533 100.00 203.00 0.00
534 100.00 203.00 0.00
535 100.00 202.50 0.00
536 100.00 202.00 0.00
537 100.00 201.75 0.00
538 100.00 201.75 0.00
539 100.00 201.75 0.00
540 100.00 201.50 0.00
541 100.00 200.75 0.00
542 100.00 200.50 0.00
543 100.00 200.75 0.00
544 100.00 201.00 0.00
545 100.00 201.00 0.00
546 100.00 200.25 0.00
547 100.00 199.75 0.00
548 100.00 199.50 0.00
549 100.00 199.25 0.00
550 100.00 199.00 0.00
551 100.00 199.00 0.00
552 100.00 198.75 0.00
553 100.00 198.25 0.00
554 100.00 198.25 0.00
555 100.00 197.75 0.00
556 100.00 197.25 0.00
557 100.00 197.25 0.00
558 100.00 197.00 0.00
559 100.00 197.00 0.00
560 100.00 196.50 0.00
561 100.00 196.25 0.00
562 100.00 196.00 0.00
563 100.00 196.00 0.00
564 100.00 196.25 0.00
565 100.00 196.25 0.00
566 100.00 195.75 0.00
567 100.00 195.00 0.00
568 100.00 194.75 0.00
569 100.00 194.75 0.00
570 100.00 194.50 0.00
571 100.00 194.00 0.00
572 100.00 194.25 0.00
573 100.00 194.25 0.00
574 100.00 194.00 0.00
575 100.00 193.25 0.00
576 100.00 192.75 0.00
577 100.00 192.00 0.00
578 100.00 191.75 0.00
579 100.00 191.25 0.00
580 100.00 191.50 0.00
581 100.00 191.50 0.00
582 100.00 191.25 0.00
583 100.00 191.00 0.00
584 100.00 190.75 0.00
585 100.00 190.00 0.00
586 100.00 189.75 0.00
587 100.00 189.50 0.00
588 100.00 189.00 0.00
589 100.00 188.50 0.00
590 100.00 188.25 0.00
591 100.00 188.25 0.00
592 100.00 188.50 0.00
593 100.00 188.00 0.00
594 100.00 187.25 0.00
595 100.00 187.00 0.00
596 100.00 186.75 0.00
597 100.00 186.50 0.00
598 100.00 186.50 0.00
599 100.00 186.25 0.00
600 100.00 186.25 0.00
601 100.00 186.50 0.00
602 100.00 186.50 0.00
603 100.00 186.00 0.00
604 100.00 185.75 0.00
605 100.00 185.00 0.00
606 100.00 184.75 0.00
607 100.00 184.75 0.00
608 100.00 185.00 0.00
609 100.00 185.25 0.00
610 100.00 184.50 0.00
611 100.00 184.25 0.00
612 100.00 184.25 0.00
613 100.00 184.25 0.00
614 100.00 184.00 0.00
615 100.00 183.50 0.00
616 100.00 183.00 0.00
617 100.00 182.25 0.00
618 100.00 182.25 0.00
619 100.00 182.50 0.00
620 100.00 182.50 0.00
621 100.00 182.00 0.00
622 100.00 181.75 0.00
623 100.00 181.50 0.00
624 100.00 181.75 0.00
625 100.00 181.25 0.00
626 100.00 181.00 0.00
627 100.00 180.75 0.00
628 100.00 180.75 0.00
629 100.00 181.25 0.00
630 100.00 181.25 0.00
631 100.00 180.25 0.00
632 100.00 180.25 0.00
633 100.00 180.25 0.00
634 100.00 180.25 0.00
635 100.00 179.75 0.00
636 100.00 179.75 0.00
637 100.00 179.75 0.00
638 100.00 179.25 0.00
639 100.00 178.75 0.00
640 100.00 178.50 0.00
641 100.00 178.50 0.00
642 100.00 178.25 0.00
643 100.00 177.50 0.00
644 100.00 177.50 0.00
645 100.00 177.75 0.00
646 100.00 177.25 0.00
647 100.00 177.50 0.00
648 100.00 177.00 0.00
649 100.00 176.25 0.00
650 100.00 175.75 0.00
651 100.00 175.25 0.00
652 100.00 175.25 0.00
653 100.00 175.25 0.00
654 100.00 175.25 0.00
655 100.00 175.50 0.00
656 100.00 175.25 0.00
657 100.00 175.25 0.00
658 100.00 175.25 0.00
659 100.00 175.25 0.00
660 100.00 175.00 0.00
661 100.00 174.75 0.00
662 100.00 174.00 0.00
663 100.00 174.00 0.00
664 100.00 174.25 0.00
665 100.00 174.00 0.00
666 100.00 173.50 0.00
667 100.00 173.25 0.00
668 100.00 172.75 0.00
669 100.00 172.75 0.00
670 100.00 172.75 0.00
671 100.00 172.75 0.00
672 100.00 172.75 0.00
673 100.00 172.75 0.00
674 100.00 172.50 0.00
675 100.00 172.00 0.00
676 100.00 171.50 0.00
677 100.00 171.00 0.00
678 100.00 170.75 0.00
679 100.00 170.25 0.00
680 100.00 170.25 0.00
681 100.00 170.25 0.00
682 100.00 170.25 0.00
683 100.00 170.25 0.00
684 100.00 170.25 0.00
685 100.00 170.00 0.00
686 100.00 169.25 0.00
687 100.00 169.00 0.00
688 100.00 169.00 0.00
689 100.00 168.50 0.00
690 100.00 168.25 0.00
691 100.00 168.25 0.00
692 100.00 168.50 0.00
693 100.00 168.00 0.00
694 100.00 167.75 0.00
695 100.00 167.50 0.00
696 100.00 167.00 0.00
697 100.00 166.50 0.00
698 100.00 166.25 0.00
699 100.00 166.25 0.00
700 100.00 166.50 0.00
701 100.00 166.75 0.00
702 100.00 166.75 0.00
703 100.00 166.75 0.00
704 100.00 166.50 0.00
705 100.00 166.25 0.00
706 100.00 166.50 0.00
707 100.00 165.75 0.00
708 100.00 165.50 0.00
709 100.00 165.00 0.00
710 100.00 165.00 0.00
711 100.00 164.75 0.00
712 100.00 164.50 0.00
713 100.00 163.75 0.00
714 100.00 164.00 0.00
715 100.00 164.00 0.00
716 100.00 163.75 0.00
717 100.00 163.50 0.00
718 100.00 163.50 0.00
719 100.00 163.50 0.00
720 100.00 163.50 0.00
721 100.00 162.75 0.00
722 100.00 162.50 0.00
723 100.00 162.75 0.00
724 100.00 162.75 0.00
725 100.00 162.50 0.00
726 100.00 162.00 0.00
727 100.00 161.75 0.00
728 100.00 161.50 0.00
729 100.00 161.25 0.00
730 100.00 161.00 0.00
731 100.00 160.50 0.00
732 100.00 160.50 0.00
733 100.00 160.50 0.00
734 100.00 161.00 0.00
735 100.00 160.25 0.00
736 100.00 160.00 0.00
737 100.00 160.00 0.00
738 100.00 159.75 0.00
739 100.00 159.75 0.00
740 100.00 159.50 0.00
741 100.00 159.25 0.00
742 100.00 158.75 0.00
743 100.00 158.50 0.00
744 100.00 158.75 0.00
745 100.00 158.75 0.00
746 100.00 158.25 0.00
747 100.00 157.75 0.00
748 100.00 157.75 0.00
749 100.00 157.25 0.00
750 100.00 157.25 0.00
751 100.00 157.25 0.00
752 100.00 156.75 0.00
753 100.00 156.25 0.00
754 100.00 156.25 0.00
755 100.00 156.00 0.00
756 100.00 156.25 0.00
757 100.00 156.50 0.00
758 100.00 156.50 0.00
759 100.00 156.25 0.00
760 100.00 156.25 0.00
761 100.00 156.25 0.00
762 100.00 155.75 0.00
763 100.00 155.75 0.00
764 100.00 155.50 0.00
765 100.00 155.75 0.00
766 100.00 155.75 0.00
767 100.00 155.75 0.00
768 100.00 154.75 0.00
769 100.00 154.25 0.00
770 100.00 154.75 0.00
771 100.00 154.50 0.00
772 100.00 154.00 0.00
773 100.00 153.75 0.00
774 100.00 154.25 0.00
775 100.00 154.25 0.00
776 100.00 154.00 0.00
777 100.00 154.00 0.00
778 100.00 153.50 0.00
779 100.00 153.50 0.00
780 100.00 153.25 0.00
781 100.00 152.50 0.00
782 100.00 152.00 0.00
783 100.00 151.75 0.00
784 100.00 152.25 0.00
785 100.00 152.00 0.00
786 100.00 152.00 0.00
787 100.00 151.50 0.00
788 100.00 151.00 0.00
789 100.00 150.75 0.00
790 100.00 150.75 0.00
791 100.00 150.50 0.00
792 100.00 150.75 0.00
793 100.00 150.50 0.00
794 100.00 150.50 0.00
795 100.00 150.25 0.00
796 100.00 150.00 0.00
797 100.00 149.25 0.00
798 100.00 149.00 0.00
799 100.00 149.25 0.00
800 100.00 149.25 0.00
801 100.00 149.25 0.00
802 100.00 149.00 0.00
803 100.00 149.00 0.00
804 100.00 149.25 0.00
805 100.00 149.25 0.00
806 100.00 149.25 0.00
807 100.00 149.00 0.00
808 100.00 148.50 0.00
809 100.00 148.00 0.00
810 100.00 147.75 0.00
811 100.00 147.75 0.00
812 100.00 147.75 0.00
813 100.00 147.75 0.00
814 100.00 147.75 0.00
815 100.00 147.75 0.00
816 100.00 147.50 0.00
817 100.00 147.50 0.00
818 100.00 147.25 0.00
819 100.00 146.75 0.00
820 100.00 146.25 0.00
821 100.00 146.50 0.00
822 100.00 146.50 0.00
823 100.00 146.50 0.00
824 100.00 146.50 0.00
825 100.00 146.25 0.00
826 100.00 146.25 0.00
827 100.00 146.00 0.00
828 100.00 145.75 0.00
829 100.00 145.50 0.00
830 100.00 145.50 0.00
831 100.00 144.75 0.00
832 100.00 144.25 0.00
833 100.00 144.50 0.00
834 100.00 144.25 0.00
835 100.00 144.00 0.00
836 100.00 143.75 0.00
837 100.00 143.50 0.00
838 100.00 143.50 0.00
839 100.00 143.50 0.00
840 100.00 143.50 0.00
841 100.00 143.50 0.00
842 100.00 143.00 0.00
843 100.00 142.75 0.00
844 100.00 142.50 0.00
845 100.00 142.25 0.00
846 100.00 142.50 0.00
847 100.00 142.25 0.00
848 100.00 142.00 0.00
849 100.00 142.00 0.00
850 100.00 141.75 0.00
851 100.00 142.25 0.00
852 100.00 142.00 0.00
853 100.00 141.75 0.00
854 100.00 141.00 0.00
855 100.00 140.75 0.00
856 100.00 140.50 0.00
857 100.00 140.75 0.00
858 100.00 140.50 0.00
859 100.00 140.50 0.00
860 100.00 140.50 0.00
861 100.00 140.50 0.00
862 100.00 140.25 0.00
863 100.00 140.00 0.00
864 100.00 140.00 0.00
865 100.00 139.50 0.00
866 100.00 139.50 0.00
867 100.00 139.25 0.00
868 100.00 138.75 0.00
869 100.00 138.50 0.00
870 100.00 138.75 0.00
871 100.00 138.75 0.00
872 100.00 138.50 0.00
873 100.00 138.50 0.00
874 100.00 138.25 0.00
875 100.00 138.25 0.00
876 100.00 138.25 0.00
877 100.00 138.00 0.00
878 100.00 137.75 0.00
879 100.00 137.50 0.00
880 100.00 137.25 0.00
881 100.00 136.75 0.00
882 100.00 137.00 0.00
883 100.00 137.00 0.00
884 100.00 136.75 0.00
885 100.00 136.75 0.00
886 100.00 136.75 0.00
887 100.00 136.50 0.00
888 100.00 136.00 0.00
889 100.00 135.75 0.00
890 100.00 135.25 0.00
891 100.00 135.25 0.00
892 100.00 135.25 0.00
893 100.00 134.75 0.00
894 100.00 135.00 0.00
895 100.00 135.00 0.00
896 100.00 134.75 0.00
897 100.00 134.75 0.00
898 100.00 134.75 0.00
899 100.00 134.75 0.00
900 100.00 134.75 0.00
901 100.00 134.75 0.00
902 100.00 134.75 0.00
903 100.00 134.50 0.00
904 100.00 134.50 0.00
905 100.00 134.25 0.00
906 100.00 134.00 0.00
907 100.00 133.75 0.00
908 100.00 133.50 0.00
909 100.00 133.00 0.00
910 100.00 133.00 0.00
911 100.00 133.25 0.00
912 100.00 133.25 0.00
913 100.00 133.00 0.00
914 100.00 132.50 0.00
915 100.00 132.25 0.00
916 100.00 132.00 0.00
917 100.00 132.00 0.00
918 100.00 131.75 0.00
919 100.00 131.75 0.00
920 100.00 131.25 0.00
921 100.00 131.50 0.00
922 100.00 131.50 0.00
923 100.00 131.50 0.00
924 100.00 131.50 0.00
925 100.00 131.00 0.00
926 100.00 131.00 0.00
927 100.00 131.00 0.00
928 100.00 131.00 0.00
929 100.00 130.75 0.00
930 100.00 130.75 0.00
931 100.00 130.50 0.00
932 100.00 130.00 0.00
933 100.00 129.50 0.00
934 100.00 129.00 0.00
935 100.00 128.50 0.00
936 100.00 128.50 0.00
937 100.00 128.00 0.00
938 100.00 128.00 0.00
939 100.00 128.25 0.00
940 100.00 128.25 0.00
941 100.00 128.50 0.00
942 100.00 128.50 0.00
943 100.00 128.25 0.00
944 100.00 128.00 0.00
945 100.00 128.00 0.00
946 100.00 128.25 0.00
947 100.00 128.25 0.00
948 100.00 128.25 0.00
949 100.00 128.25 0.00
950 100.00 128.25 0.00
951 100.00 128.00 0.00
952 100.00 127.75 0.00
953 100.00 127.50 0.00
954 100.00 127.25 0.00
955 100.00 127.00 0.00
956 100.00 127.00 0.00
957 100.00 126.75 0.00
958 100.00 127.00 0.00
959 100.00 127.00 0.00
960 100.00 127.00 0.00
961 100.00 126.75 0.00
962 100.00 126.25 0.00
963 100.00 126.00 0.00
964 100.00 126.00 0.00
965 100.00 125.75 0.00
966 100.00 125.50 0.00
967 100.00 125.50 0.00
968 100.00 125.50 0.00
969 100.00 125.50 0.00
970 100.00 125.00 0.00
971 100.00 125.25 0.00
972 100.00 125.25 0.00
973 100.00 125.00 0.00
974 100.00 124.25 0.00
975 100.00 123.75 0.00
976 100.00 123.50 0.00
977 100.00 123.75 0.00
978 100.00 124.00 0.00
979 100.00 123.50 0.00
980 100.00 123.50 0.00
981 100.00 123.50 0.00
982 100.00 123.00 0.00
983 100.00 122.75 0.00
984 100.00 122.75 0.00
985 100.00 122.75 0.00
986 100.00 122.50 0.00
987 100.00 122.00 0.00
988 100.00 122.00 0.00
989 100.00 122.00 0.00
990 100.00 122.25 0.00
991 100.00 122.50 0.00
992 100.00 122.50 0.00
993 100.00 122.50 0.00
994 100.00 122.00 0.00
995 100.00 122.00 0.00
996 100.00 122.00 0.00
997 100.00 122.00 0.00
998 100.00 122.00 0.00
999 100.00 122.25 0.00
1000 100.00 122.00 0.00
1001 100.00 122.00 0.00
1002 100.00 122.00 0.00
1003 100.00 121.25 0.00
1004 100.00 121.00 0.00
1005 100.00 120.50 0.00
1006 100.00 120.50 0.00
1007 100.00 120.50 0.00
1008 100.00 120.25 0.00
1009 100.00 120.00 0.00
1010 100.00 120.50 0.00
1011 100.00 120.50 0.00
1012 100.00 120.25 0.00
1013 100.00 120.00 0.00
1014 100.00 120.00 0.00
1015 100.00 119.50 0.00
1016 100.00 119.75 0.00
1017 100.00 119.50 0.00
1018 100.00 119.75 0.00
1019 100.00 119.50 0.00
1020 100.00 119.00 0.00
1021 100.00 118.75 0.00
1022 100.00 118.50 0.00
1023 100.00 118.75 0.00
1024 100.00 119.00 0.00
1025 100.00 119.00 0.00
1026 100.00 118.75 0.00
1027 100.00 118.75 0.00
1028 100.00 118.75 0.00
1029 100.00 118.50 0.00
1030 100.00 118.50 0.00
1031 100.00 118.25 0.00
1032 100.00 118.25 0.00
1033 100.00 117.75 0.00
1034 100.00 117.75 0.00
1035 100.00 117.75 0.00
1036 100.00 117.25 0.00
1037 100.00 117.00 0.00
1038 100.00 117.00 0.00
1039 100.00 117.00 0.00
1040 100.00 116.75 0.00
1041 100.00 116.25 0.00
1042 100.00 116.25 0.00
1043 100.00 116.25 0.00
1044 100.00 116.50 0.00
1045 100.00 116.25 0.00
1046 100.00 116.50 0.00
1047 100.00 116.50 0.00
1048 100.00 116.50 0.00
1049 100.00 116.50 0.00
1050 100.00 116.50 0.00
1051 100.00 116.25 0.00
1052 100.00 116.00 0.00
1053 100.00 115.75 0.00
1054 100.00 115.75 0.00
1055 100.00 115.50 0.00
1056 100.00 115.25 0.00
1057 100.00 115.00 0.00
1058 100.00 115.00 0.00
1059 100.00 115.00 0.00
1060 100.00 115.00 0.00
1061 100.00 115.00 0.00
1062 100.00 115.00 0.00
1063 100.00 114.75 0.00
1064 100.00 114.50 0.00
1065 100.00 114.25 0.00
1066 100.00 114.25 0.00
1067 100.00 114.00 0.00
1068 100.00 113.75 0.00
1069 100.00 113.75 0.00
1070 100.00 113.50 0.00
1071 100.00 113.25 0.00
1072 100.00 113.25 0.00
1073 100.00 113.25 0.00
1074 100.00 113.25 0.00
1075 100.00 113.00 0.00
1076 100.00 113.00 0.00
1077 100.00 113.00 0.00
1078 100.00 112.75 0.00
1079 100.00 112.50 0.00
1080 100.00 112.75 0.00
1081 100.00 112.50 0.00
1082 100.00 112.25 0.00
1083 100.00 112.25 0.00
1084 100.00 112.25 0.00
1085 100.00 112.00 0.00
1086 100.00 111.75 0.00
1087 100.00 111.50 0.00
1088 100.00 111.50 0.00
1089 100.00 111.25 0.00
1090 100.00 111.25 0.00
1091 100.00 111.00 0.00
1092 100.00 111.00 0.00
1093 100.00 110.75 0.00
1094 100.00 110.75 0.00
1095 100.00 110.50 0.00
1096 100.00 110.50 0.00
1097 100.00 110.25 0.00
1098 100.00 110.25 0.00
1099 100.00 110.00 0.00
1100 100.00 109.75 0.00
1101 100.00 109.50 0.00
1102 100.00 109.50 0.00
1103 100.00 109.50 0.00
1104 100.00 109.25 0.00
1105 100.00 109.50 0.00
1106 100.00 109.50 0.00
1107 100.00 109.50 0.00
1108 100.00 109.50 0.00
1109 100.00 109.50 0.00
1110 100.00 109.50 0.00
1111 100.00 109.75 0.00
1112 100.00 109.25 0.00
1113 100.00 108.75 0.00
1114 100.00 108.50 0.00
1115 100.00 108.50 0.00
1116 100.00 108.50 0.00
1117 100.00 108.50 0.00
1118 100.00 108.50 0.00
1119 100.00 108.25 0.00
1120 100.00 108.00 0.00
1121 100.00 107.75 0.00
1122 100.00 107.75 0.00
1123 100.00 107.50 0.00
1124 100.00 107.25 0.00
1125 100.00 107.00 0.00
1126 100.00 107.25 0.00
1127 100.00 107.25 0.00
1128 100.00 106.75 0.00
1129 100.00 106.75 0.00
1130 100.00 106.75 0.00
1131 100.00 107.00 0.00
1132 100.00 107.00 0.00
1133 100.00 106.75 0.00
1134 100.00 106.50 0.00
1135 100.00 106.50 0.00
1136 100.00 106.50 0.00
1137 100.00 106.75 0.00
1138 100.00 106.75 0.00
1139 100.00 106.50 0.00
1140 100.00 106.25 0.00
1141 100.00 106.00 0.00
1142 100.00 106.00 0.00
1143 100.00 105.75 0.00
1144 100.00 105.75 0.00
1145 100.00 105.50 0.00
1146 100.00 105.50 0.00
1147 100.00 105.25 0.00
1148 100.00 105.00 0.00
1149 100.00 105.00 0.00
1150 100.00 105.00 0.00
1151 100.00 105.00 0.00
1152 100.00 105.00 0.00
1153 100.00 105.00 0.00
1154 100.00 104.75 0.00
1155 100.00 104.75 0.00
1156 100.00 104.50 0.00
1157 100.00 104.25 0.00
1158 100.00 104.25 0.00
1159 100.00 104.50 0.00
1160 100.00 104.50 0.00
1161 100.00 104.25 0.00
1162 100.00 104.25 0.00
1163 100.00 104.00 0.00
1164 100.00 103.75 0.00
1165 100.00 103.75 0.00
1166 100.00 103.75 0.00
1167 100.00 103.25 0.00
1168 100.00 103.00 0.00
1169 100.00 103.00 0.00
1170 100.00 102.50 0.00
1171 100.00 102.50 0.00
1172 100.00 102.50 0.00
1173 100.00 102.75 0.00
1174 100.00 102.50 0.00
1175 100.00 102.50 0.00
1176 100.00 102.50 0.00
1177 100.00 102.50 0.00
1178 100.00 102.50 0.00
1179 100.00 102.25 0.00
1180 100.00 102.00 0.00
1181 100.00 102.00 0.00
1182 100.00 101.75 0.00
1183 100.00 101.50 0.00
1184 100.00 101.25 0.00
1185 100.00 101.00 0.00
1186 100.00 101.25 0.00
1187 100.00 101.00 0.00
1188 100.00 101.00 0.00
1189 100.00 100.75 0.00
1190 100.00 100.75 0.00
1191 100.00 100.50 0.00
1192 100.00 100.50 0.00
1193 100.00 100.25 0.00
1194 100.00 100.00 12.50

